% LoadFlyData.m creates several global variables 
% for use in the computer lab:
% 
% GeneExpr is a 7 by 58 by 7 matrix giving the (normalized) expression
% of the 7 genes (Hb, Kr, Gt, Kni, Bcd, Cad, Tll) at 58 spatial points
% along the A-P axis of the Drosophila embryo (from 35% to 92% of embryo
% length, in 1% increments), and at seven times during early development
% (spanning about an hour, but we won't worry about the true time scale).
%
% GeneNames is a cell array of strings holding the abbreviated names of the
% 7 genes.  This is useful for use with the "legend" command, among other
% things.
%
% TimePoints is a cell array of strings naming the time points, again,
% mainly meant for use with the "legend" command.

global GeneExpr GeneNames TimePoints

GeneExpr = zeros(7,58,7);

GeneExpr(:,:,1) = [ 0.2115     0.20774     0.20286     0.19599     0.18911     0.18224     0.17437     0.16502     0.15566      0.1463     0.13677     0.12701     0.11726      0.1075    0.098543    0.090442    0.082342    0.074241    0.066692    0.059651     0.05261    0.045569    0.040169    0.036059     0.03195     0.02784    0.024491    0.021649    0.018806    0.015964    0.014124    0.012846    0.011569    0.010291     0.00931   0.0084682   0.0076265   0.0067847   0.0058217   0.0048116   0.0038015   0.0027914   0.0023308   0.0020436   0.0017564   0.0014692   0.0011266  0.00077005  0.00041355  5.7041e-05           0           0           0           0  0.00015686  0.00033512  0.00051337  0.00069162
      0           0           0           0           0           0           0           0           0           0           0           0           0           0           0           0           0           0           0           0           0           0           0           0           0           0           0           0           0           0           0           0           0           0           0           0           0           0           0           0           0           0           0           0           0           0           0           0           0           0           0           0           0           0           0           0           0           0
      0           0           0           0           0           0           0           0           0           0           0           0           0           0           0           0           0           0           0           0           0           0           0           0           0           0           0           0           0           0           0           0           0           0           0           0           0           0           0           0           0           0           0           0           0           0           0           0           0           0           0           0           0           0           0           0           0           0
      0           0           0           0           0           0           0           0           0           0           0           0           0           0           0           0           0           0           0           0           0           0           0           0           0           0           0           0           0           0           0           0           0           0           0           0           0           0           0           0           0           0           0           0           0           0           0           0           0           0           0           0           0           0           0           0           0           0
0.17518     0.16725     0.15792     0.15027     0.14267     0.13459     0.12745     0.12251     0.11478     0.10859     0.10286    0.097843    0.092196    0.087176    0.081608    0.076706     0.07298    0.068745    0.065451    0.061255    0.057294    0.054157    0.051255    0.048235    0.045451    0.042549    0.040353    0.037843    0.035137    0.033255    0.031647    0.029961    0.028118    0.026706    0.024941    0.023333    0.022431    0.021686    0.020314    0.019294    0.017882     0.01698    0.016039    0.014941     0.01451    0.013608    0.012706    0.012314    0.011765    0.011333     0.01102    0.010784    0.010588    0.010078   0.0098824   0.0096078   0.0090588   0.0084314
0.16816      0.1805     0.19538     0.21479      0.2342     0.25361     0.27073     0.28442      0.2981     0.31179     0.32662     0.34291      0.3592     0.37549     0.39096     0.40553     0.42011     0.43469     0.44847     0.46151     0.47455     0.48759     0.49537       0.499     0.50264     0.50627     0.51111     0.51674     0.52238     0.52801     0.52715     0.52263     0.51812      0.5136     0.51024     0.50743     0.50462     0.50181      0.4999     0.49835     0.49679     0.49524     0.49191     0.48803     0.48415     0.48027     0.47669      0.4732      0.4697     0.46621     0.46734     0.46935     0.47136     0.47337     0.46542     0.45613     0.44683     0.43753
      0           0           0           0           0           0           0           0           0           0           0           0           0           0           0           0           0           0           0           0           0           0           0           0           0           0           0           0           0           0           0           0           0           0           0           0           0           0           0           0           0           0           0           0           0           0           0           0           0           0           0           0           0           0           0           0           0           0];
  
